2015758
2015758
2015758
2015758
2015758
2015758
2015758
2015758
2015758
-1
2015758
2015758
2015758
2015758
2015758
2015758
2015758
2015758
9082703
2015758
2015758
2015758
2015758
9082703
2015758
2015758
2015758
2015758
2015758
2015758
2015758
2015758
2015758
2015758
2015758
2015758
2015758
2015758
1
2015758
-1
2015758
2015758
2015758
-1
2015758
2015758
2015758
2015758
2015758
2015758
2015758
2015758
2015758
2015758
2015758
2015758
2015758
2015758
2015758
2015758
2015758
2015758
2015758
9082707
2015758
2015758
-1
2015758
2015758
2015758
2015758
2015758
4979622
2015758
2015758
2015758
2015758
9082707
2015758
2015758
2015758
91309
34517
24495
66807
-1
6
-1
3
-1
3
